15 0.368446875 0.3261765625 0.3771078125 0.3293015625 0.389215625 0.32983125 0.3991640625 0.32647499999999996 0.40517343749999996 0.317128125 0.414125 0.3028109375 0.44604218749999996 0.27740624999999997 0.47745468750000003 0.24962499999999999 0.47797343750000004 0.245790625 0.47325625000000004 0.2397046875 0.45604218750000003 0.2492109375 0.427584375 0.2658109375 0.407421875 0.2775453125 0.3841921875 0.29365625 0.369003125 0.3037125 0.36732343749999996 0.314621875 0.36806875 0.3243953125 0.368446875 0.3261765625
16 0.3077671875 0.30644375 0.2953 0.3187 0.293584375 0.32253750000000003 0.30805781250000003 0.32032343750000003 0.330465625 0.319896875 0.3429625 0.32414375 0.3439390625 0.316909375 0.3520109375 0.3095328125 0.36400156250000004 0.2842234375 0.3714765625 0.25734218750000004 0.38378125 0.22762656250000002 0.39413593750000003 0.20699843750000002 0.3956734375 0.181378125 0.4000796875 0.1638203125 0.399290625 0.15459375 0.3995984375 0.148746875 0.38690625 0.151084375 0.376353125 0.1626171875 0.37425 0.171840625 0.3532578125 0.20578124999999997 0.347496875 0.22008437500000003 0.32385312499999996 0.2522890625 0.3207890625 0.26341875 0.3204421875 0.28733906249999996 0.3077671875 0.30644375
0 0.33945156249999997 0.22897812499999998 0.3453890625 0.22000156249999997 0.33108593750000004 0.22314375000000003 0.31701250000000003 0.2259390625 0.3085125 0.22735625 0.3100046875 0.24226406250000002 0.3141484375 0.25387499999999996 0.31938125 0.2627171875 0.3257453125 0.2473109375 0.33945156249999997 0.22897812499999998
17 0.1731625 0.292078125 0.1776859375 0.3105171875 0.17258437499999998 0.3206 0.17309375 0.325834375 0.196415625 0.327625 0.21489375000000002 0.326509375 0.226275 0.323246875 0.22222031250000002 0.3013328125 0.2059234375 0.2530609375 0.205628125 0.20054375000000002 0.21158749999999998 0.1660984375 0.21450468749999999 0.15141875 0.2116 0.1320734375 0.204675 0.1307328125 0.19653125 0.1321828125 0.18946093749999998 0.14437031250000001 0.18213437500000002 0.169546875 0.1736515625 0.19496875 0.17027187500000002 0.21030781250000002 0.17040312500000002 0.23080625000000002 0.1707109375 0.24929843749999997 0.16687812500000002 0.2596734375 0.1731625 0.292078125
18 0.0885109375 0.329884375 0.08455 0.32346875 0.081640625 0.3189453125 0.0702 0.295671875 0.05753125 0.236065625 0.0483234375 0.21413125000000002 0.0428234375 0.20048125 0.037553125 0.197065625 0.0283796875 0.19955625 0.019953125 0.20897187499999997 0.021090624999999998 0.229596875 0.0320578125 0.272025 0.0343015625 0.2978578125 0.038982812500000005 0.31682343749999997 0.034921875000000005 0.328271875 0.0510015625 0.3306 0.0885109375 0.329884375
14 0 0.346275 0.030559375 0.35136875 0.1098890625 0.355940625 0.19845 0.3542046875 0.26084375 0.3522375 0.2829765625 0.3481125 0.32651718750000003 0.3452296875 0.3359078125 0.348446875 0.3181109375 0.355415625 0.3062515625 0.36691562499999997 0.310628125 0.37872812499999997 0.3248375 0.3812109375 0.32404687499999996 0.3892 0.314928125 0.3989578125 0.3073515625 0.4101265625 0.32203750000000003 0.41192812500000003 0.3537671875 0.3973640625 0.39144843749999997 0.381534375 0.4072359375 0.3680421875 0.402553125 0.3606375 0.39944375 0.3401546875 0.4048109375 0.333221875 0.39982656250000004 0.3273296875 0.3906015625 0.3307390625 0.37174999999999997 0.32982187500000004 0.3655703125 0.32708125 0.362665625 0.3221953125 0.346959375 0.32437499999999997 0.33506562500000003 0.32400625 0.3290046875 0.3218203125 0.3084265625 0.321559375 0.282475 0.3244875 0.27425625 0.32525781249999997 0.251559375 0.3261171875 0.23081093749999998 0.322128125 0.21902343750000003 0.32810937500000004 0.1962421875 0.3291859375 0.1756640625 0.328925 0.144559375 0.328875 0.1047171875 0.32575937499999996 0.0906265625 0.3238296875 0.0913859375 0.3303296875 0.08876406249999999 0.332625 0.07116249999999999 0.3317328125 0.0424375 0.3311765625 0.0327453125 0.32947187499999997 0.0239453125 0.329025 0.0059234375 0.32909062499999997 0 0.32677812500000003 0 0.346275
0 0.6027625 0.2793140625 0.6033703125 0.27159062500000003 0.5952 0.27018593750000003 0.5876609375 0.26992343750000003 0.5764796875 0.27468906249999997 0.5686703125 0.2802765625 0.5662375 0.28733906249999996 0.5639140625 0.29228437500000004 0.5705765625 0.294534375 0.591721875 0.28820625 0.60081875 0.2833921875 0.6027625 0.2793140625
6 0.863771875 0.13087500000000002 0.8557578124999999 0.14332499999999998 0.865903125 0.147771875 0.87336875 0.15196875 0.8894718749999999 0.1349375 0.9087984375 0.112459375 0.916659375 0.094459375 0.9145562500000001 0.0639484375 0.909284375 0.046018750000000004 0.893521875 0.0337203125 0.8799875 0.025029687499999998 0.8693046875 0.022878125 0.854253125 0.027706249999999998 0.8613875 0.033746874999999996 0.8740234375 0.0382046875 0.8823124999999999 0.0497109375 0.886746875 0.0671375 0.882940625 0.08359531249999999 0.8779796875000001 0.09664062500000001 0.8721171875 0.12073437499999999 0.863771875 0.13087500000000002
7 0.7425296875 0 0.7640828125 0.0062578124999999995 0.7876328125 0.01596875 0.8141875000000001 0.033868749999999996 0.8303968749999999 0.0566171875 0.8314015625 0.09702031250000001 0.829665625 0.1185796875 0.819421875 0.1328234375 0.8309578125 0.136553125 0.8427328125000001 0.1414078125 0.8517359375 0.14214218750000002 0.8583984375 0.134840625 0.869684375 0.1136046875 0.8728031250000001 0.095578125 0.8676078125 0.065190625 0.85703125 0.036240625 0.83875625 0.018640625 0.8122546875 0.0039656249999999995 0.79914375 0 0.7425296875 0
8 0.67154375 0.1325234375 0.6457531249999999 0.12134375 0.6102078125 0.104059375 0.589753125 0.0996234375 0.5815453125000001 0.0977328125 0.5729625 0.097134375 0.5685828125 0.1042703125 0.57343125 0.11157500000000001 0.5904609375 0.11825468750000001 0.6058078124999999 0.1262 0.6207796875 0.13543750000000002 0.6188953125000001 0.144925 0.6308421875 0.1429921875 0.6594671875 0.1369078125 0.67154375 0.1325234375
5 0.7837390625 0.1568015625 0.7930703125 0.1626625 0.7937593749999999 0.17224375 0.7745921874999999 0.186671875 0.717890625 0.217865625 0.6813390625 0.23994062500000002 0.6358312500000001 0.2660578125 0.6088734375 0.2786921875 0.5953234375 0.2878484375 0.57643125 0.294059375 0.5640562499999999 0.2960625 0.5328328124999999 0.3139953125 0.4969125 0.3288484375 0.4748421875 0.3454625 0.4653578125 0.3515578125 0.47765625 0.3555328125 0.49922187500000004 0.36506875 0.5224859375 0.3635765625 0.538225 0.3552109375 0.5553874999999999 0.34403125 0.5747453124999999 0.330503125 0.596553125 0.31582656249999996 0.61411875 0.29703124999999997 0.64155 0.2739421875 0.664578125 0.26183125 0.7195109375000001 0.24450625 0.7416968749999999 0.23477031249999997 0.7701718750000001 0.2210328125 0.8330234375 0.18145625 0.8756125000000001 0.1541734375 0.8612718750000001 0.14753906249999998 0.850165625 0.1436359375 0.8354890625 0.14025625 0.8295421875000001 0.137128125 0.8177890624999999 0.133303125 0.7918515625 0.12840625 0.7591875 0.12687656249999998 0.705178125 0.1302921875 0.6697390624999999 0.133965625 0.6405968750000001 0.1426703125 0.60881875 0.1484828125 0.5421750000000001 0.15825625000000001 0.4756078125 0.16205 0.44628750000000006 0.1635765625 0.4205734375 0.1662171875 0.4103296875 0.16557187499999998 0.4022203125 0.17112031249999998 0.41307968749999996 0.175340625 0.4469 0.1791359375 0.5100453125 0.1782640625 0.5663109375000001 0.1762734375 0.6248890625 0.1670328125 0.712090625 0.1557140625 0.7580375 0.153165625 0.7837390625 0.1568015625