6 0.632 0.6805359375 0.6118578125 0.6154484375 0.596446875 0.5893296875 0.5774453125 0.5328796875 0.5534 0.4508875 0.5412140625 0.40918593750000004 0.529671875 0.36288437500000004 0.51361875 0.3413671875 0.5048781250000001 0.3478359375 0.5086109375000001 0.3732015625 0.529928125 0.463725 0.5423015625 0.532090625 0.560990625 0.6019671875 0.5764218750000001 0.6503375 0.58813125 0.7010515625 0.6010453124999999 0.759384375 0.6071046875 0.72783125 0.632 0.6805359375
0 0.611509375 0.5618109375 0.6135078125 0.546171875 0.612425 0.5279906249999999 0.6093359375 0.514609375 0.60008125 0.5164 0.595021875 0.5200812499999999 0.5932578125 0.53133125 0.5832109375 0.5444921875000001 0.586659375 0.562128125 0.5963828125 0.5826515624999999 0.6024296875 0.59535 0.6062015625 0.5793 0.611509375 0.5618109375
7 0.6456593749999999 0.49569062500000005 0.6451374999999999 0.518153125 0.662184375 0.493115625 0.6895125 0.4508109375 0.6787921875 0.432184375 0.6653328125 0.383159375 0.6608359375 0.3544078125 0.6636656249999999 0.338859375 0.663503125 0.310346875 0.65453125 0.27766406250000003 0.6415124999999999 0.2645328125 0.6233015625 0.20419218749999998 0.6096984375 0.1452703125 0.5944812500000001 0.0978921875 0.5846984375 0.067878125 0.576559375 0.057343750000000006 0.563553125 0.0566234375 0.56594375 0.0747 0.5796109375 0.13235625 0.5908921874999999 0.1719546875 0.598915625 0.203615625 0.6065453125 0.249021875 0.6159515625 0.3113953125 0.6267296875 0.39207187499999996 0.6435984375 0.465134375 0.6456593749999999 0.49569062500000005
8 0.6608125 0 0.6661453125000001 0.0204671875 0.6794140625 0.0779375 0.693528125 0.1194203125 0.70795625 0.1884671875 0.721371875 0.2498515625 0.7287796875 0.337625 0.7321187499999999 0.3750171875 0.7328 0.409115625 0.7548250000000001 0.3881984375 0.7909578125000001 0.37109375 0.7803046874999999 0.344603125 0.7614156249999999 0.266059375 0.743378125 0.17810625 0.7177265625 0.0866484375 0.6961171875 0.0192609375 0.6872390625 0 0.6608125 0
9 0.8032328124999999 0.048248437500000005 0.8079484375 0.089996875 0.8106453124999999 0.140778125 0.8150671875000001 0.20258437499999998 0.8213390625000001 0.2439734375 0.8274531250000001 0.281115625 0.825615625 0.315809375 0.812371875 0.3598390625 0.8329734375 0.3512359375 0.858690625 0.3524375 0.887209375 0.351565625 0.8664140625 0.27926093750000003 0.8590359375000001 0.2224203125 0.8444593749999999 0.13440000000000002 0.8213125 0.0483578125 0.8032328124999999 0.048248437500000005
5 0.6550765625 0.8908296874999999 0.661909375 0.9048703124999999 0.6740140625000001 0.9067609375 0.6764 0.8809984375000001 0.67691875 0.8628390625 0.681721875 0.8305703125000001 0.6876109375 0.8111703125 0.690271875 0.78595625 0.6886359375 0.7584546875 0.6875265625 0.7209921875 0.67534375 0.7090453125 0.666065625 0.7423453125 0.66214375 0.7580109375 0.6583578125 0.729365625 0.66761875 0.67966875 0.6902859375 0.6104765624999999 0.7326625 0.5613328125 0.7759421875 0.52018125 0.8423093749999999 0.47697968749999997 0.8993781249999999 0.4424859375 0.9568125000000001 0.4177453125 0.96789375 0.400428125 0.9778968750000001 0.3784375 0.975125 0.35009843749999997 0.960065625 0.3256953125 0.9425296875000001 0.331384375 0.9339562499999999 0.351403125 0.863978125 0.3626390625 0.788096875 0.376878125 0.711365625 0.44051093750000003 0.6362796875 0.5398453125 0.6252296875 0.58995625 0.616128125 0.6199359375 0.6387437499999999 0.6852343750000001 0.6206953125 0.71728125 0.6031203125 0.7733453124999999 0.60215625 0.8093375 0.59859375 0.8289015624999999 0.596721875 0.8324578125000001 0.605265625 0.8539125000000001 0.6223234375 0.8655921875000001 0.6327390625 0.8834921874999999 0.645353125 0.883703125 0.6550765625 0.8908296874999999
15 0.39947499999999997 0.5973265624999999 0.3811140625 0.5536109375 0.3711390625 0.52234375 0.35399375 0.47195312500000003 0.3438328125 0.427940625 0.33388125 0.420646875 0.32324375 0.4263 0.3295578125 0.461609375 0.335178125 0.5018734375 0.34621875 0.5536734375 0.3535609375 0.5695625 0.37315312500000003 0.6225859375 0.378959375 0.6755953124999999 0.38648906250000004 0.7042296875 0.3923875 0.754046875 0.4165546875 0.762828125 0.44449375 0.7883484375 0.4598578125 0.7991875 0.449175 0.7568953125 0.43413124999999997 0.715609375 0.423440625 0.6653265625 0.40963593749999994 0.6413390625 0.39947499999999997 0.5973265624999999
16 0.0954171875 0.3656609375 0.078328125 0.3125375 0.07040625 0.2656890625 0.0569578125 0.186546875 0.039721875000000004 0.1703828125 0.0329671875 0.1954421875 0.033390625 0.25577031250000004 0.0374609375 0.2984734375 0.059526562500000005 0.385696875 0.0771703125 0.44540625 0.091315625 0.4857828125 0.11041562499999999 0.5350859375 0.1374125 0.6060640625 0.15211406249999998 0.6530265625 0.1716 0.688853125 0.18604375 0.6871765625 0.205275 0.6827375 0.2371578125 0.6871265625 0.214221875 0.6504578125 0.1865203125 0.6098546875 0.159334375 0.533884375 0.1264734375 0.4625796875 0.0954171875 0.3656609375
17 0 0.40192187500000004 0.0116921875 0.45256718749999997 0.030440625 0.516725 0.042625 0.5705328125 0.0545921875 0.604290625 0.0661 0.6419515625 0.08175 0.6688078125 0.09174375 0.7065078125 0.0951921875 0.7122046875 0.12405625 0.700771875 0.1630671875 0.691765625 0.13485468750000001 0.6504484374999999 0.10924062500000001 0.6094968749999999 0.08423906249999999 0.5665312499999999 0.072121875 0.5187140625 0.056543750000000004 0.48856875000000005 0.045450000000000004 0.44051718749999996 0.028621875 0.386290625 0.0105703125 0.3360953125 0 0.2769890625 0 0.40192187500000004
18 0 0.5475859375 0.0140484375 0.6097625 0.022715625 0.6494640625 0.0348890625 0.6892265625 0.0494484375 0.7458125 0.055445312499999996 0.769625 0.0662109375 0.7428109375 0.076325 0.7239687499999999 0.08833593749999999 0.7117875 0.08262968750000001 0.68891875 0.064378125 0.6429125 0.0488640625 0.59775 0.038346875 0.555865625 0.0068015624999999994 0.437596875 0 0.40943125 0 0.5475859375
14 0.5238265625 1 0.52815 0.994790625 0.532365625 0.9704578125 0.539109375 0.9299703125000001 0.53778125 0.8979625 0.5284359375000001 0.8787828125000001 0.5238859375 0.8659671875000001 0.5014953125 0.8517250000000001 0.4851328125 0.8222234374999999 0.3919296875 0.7563859374999999 0.3191875 0.73435625 0.2483921875 0.6966234375 0.13095 0.7154171875 0.1288578125 0.761759375 0.1279671875 0.7446609375000001 0.11663593750000001 0.735296875 0.1002421875 0.7404124999999999 0.0992484375 0.759278125 0.09126875 0.7611203125 0.08835 0.7484828125 0.08064687499999999 0.73828125 0.0638359375 0.7581359375 0.058773437500000004 0.772615625 0.060973437500000005 0.792075 0.06493125 0.8257703125000001 0.07135 0.8535734375 0.0826890625 0.8695906250000001 0.1001 0.865571875 0.1204046875 0.854228125 0.136490625 0.834540625 0.149390625 0.8209140625 0.1856546875 0.8122468749999999 0.23912968750000002 0.8076874999999999 0.2761484375 0.8131562499999999 0.3089234375 0.8196046875 0.3546140625 0.8355296875 0.2957140625 0.8475703125 0.29352812500000003 0.8652046875 0.34281562499999996 0.908328125 0.36288906249999997 0.9410671875000001 0.3892265625 0.9583453125 0.41827500000000006 0.9718828125 0.45613906249999997 1 0.5238265625 1